0 10 17 20 26 44 56 58 89 
1 24 29 51 53 56 71 79 97 98 
2 63 
3 4 24 30 31 32 40 52 57 69 70 73 76 80 87 95 98 
4 3 5 11 48 60 77 81 94 
5 4 26 29 43 73 76 80 82 
6 15 23 30 35 50 55 62 
7 15 38 41 47 49 91 
8 36 39 44 50 76 77 94 97 
9 23 29 31 57 80 
10 0 16 25 33 45 47 50 58 79 83 93 
11 4 16 20 31 42 44 52 57 62 63 
12 21 40 67 68 76 83 84 95 
13 14 30 35 49 70 
14 13 18 25 31 39 65 78 
15 6 7 19 29 35 47 74 81 92 94 
16 10 11 20 35 37 42 48 90 92 98 
17 0 25 41 43 70 79 85 88 95 
18 14 25 29 54 74 96 
19 15 31 37 67 75 86 95 96 
20 0 11 16 23 25 40 44 62 67 81 97 
21 12 30 35 36 54 66 67 79 
22 47 66 73 
23 6 9 20 29 40 47 54 69 88 
24 1 3 32 49 53 65 76 95 96 
25 10 14 17 18 20 34 61 69 84 89 
26 0 5 94 97 
27 29 34 50 65 93 99 
28 29 33 36 71 77 91 
29 1 5 9 15 18 23 27 28 62 64 
30 3 6 13 21 55 66 72 80 
31 3 9 11 14 19 49 50 74 88 90 95 
32 3 24 41 44 74 
33 10 28 55 57 58 60 91 94 97 
34 25 27 50 66 67 91 
35 6 13 15 16 21 57 68 83 98 
36 8 21 28 63 91 93 
37 16 19 45 58 75 99 
38 7 43 44 46 57 63 94 
39 8 14 52 54 67 70 72 98 
40 3 12 20 23 54 65 79 96 
41 7 17 32 
42 11 16 48 49 60 65 92 99 
43 5 17 38 52 
44 0 8 11 20 32 38 58 68 78 90 95 
45 10 37 61 73 75 76 85 
46 38 55 76 99 
47 7 10 15 22 23 53 69 85 88 
48 4 16 42 65 85 
49 7 13 24 31 42 51 67 71 79 
50 6 8 10 27 31 34 59 71 
51 1 49 98 
52 3 11 39 43 56 61 66 79 82 
53 1 24 47 58 65 83 89 
54 18 21 23 39 40 60 77 97 
55 6 30 33 46 80 89 94 
56 0 1 52 66 
57 3 9 11 33 35 38 60 76 85 94 96 
58 0 10 33 37 44 53 59 73 
59 50 58 87 
60 4 33 42 54 57 64 72 89 93 
61 25 45 52 97 
62 6 11 20 29 
63 2 11 36 38 
64 29 60 76 97 
65 14 24 27 40 42 48 53 79 89 
66 21 22 30 34 52 56 76 78 90 99 
67 12 19 20 21 34 39 49 72 80 89 
68 12 35 44 90 95 
69 3 23 25 47 91 93 97 
70 3 13 17 39 83 85 
71 1 28 49 50 87 91 96 99 
72 30 39 60 67 98 
73 3 5 22 45 58 89 
74 15 18 31 32 
75 19 37 45 
76 3 5 8 12 24 45 46 57 64 66 89 95 
77 4 8 28 54 97 
78 14 44 66 99 
79 1 10 17 21 40 49 52 65 80 93 
80 3 5 9 30 55 67 79 
81 4 15 20 98 
82 5 52 
83 10 12 35 53 70 
84 12 25 89 91 94 
85 17 45 47 48 57 70 96 
86 19 
87 3 59 71 
88 17 23 31 47 
89 0 25 53 55 60 65 67 73 76 84 
90 16 31 44 66 68 
91 7 28 33 34 36 69 71 84 98 
92 15 16 42 98 
93 10 27 36 60 69 79 
94 4 8 15 26 33 38 55 57 84 
95 3 12 17 19 24 31 44 68 76 
96 18 19 24 40 57 71 85 
97 1 8 20 26 33 54 61 64 69 77 
98 1 3 16 35 39 51 72 81 91 92 
99 27 37 42 46 66 71 78 
